17.9175
18.4175
19.2275
19.5175
20.0175
20.5175
21.7175
22.2175
22.5175
23.0175
23.5075
23.8075
24.1975
30.2475
30.8175
31.5675
31.9675
32.5175
33.5175
34.1175
34.8175
35.9175
36.4175
37.0175
37.9175
38.3175
39.1175
39.6175
40.1175
40.8175
41.7175
42.2175
42.8175
43.7175
44.2175
44.7175
45.2175
46.0175
46.4175
47.0175
47.7175
48.3175
48.9175
49.3175
49.8175
50.6175
51.0175
51.8175
52.2175
52.6175
53.0175
53.7175
54.2175
55.3175
56.0175
56.3175
56.8175
57.8175
58.4175
58.9175
59.3175
59.8175
60.3175
61.2175
61.7175
63.1175
63.5175
63.9175
64.3175
64.9175
65.4175
65.8175
66.8175
67.3175
67.8175
68.9175
69.5175
69.8175
70.3175
70.7175
72.3175
72.7175
73.0175
73.7175
74.2175
74.6175
75.6175
76.0175
76.6175
77.0175
78.0175
78.3175
78.8175
79.3175
80.2175
80.7175
81.2175
82.2175
82.6175
83.1175
84.1175
84.7175
85.1175
85.6175
86.0175
87.3175
87.7175
88.3175
88.8175
89.3175
89.9175
90.3175
91.0175
91.3175
91.9175
92.5175
93.4175
93.8175
94.2175
94.6175
95.3175
95.8175
96.2175
96.6175
97.4175
97.8175
98.3175
98.9175
99.5175
100.0175
100.7175
101.5175
101.9175
102.3175
103.0175
103.4175
103.9175
104.5175
104.7175
105.1175
105.6175
106.0175
106.8175
107.3175
107.8175
108.2175
108.7175
109.7175
110.2175
110.7175
111.3175
111.7175
112.9175
113.2175
113.8175
114.6175
115.1175
115.5175
116.2175
116.6175
117.1175
117.7175
119.0175
119.4175
119.9175
121.0175
121.5175
122.0175
122.4175
122.9175
123.4175
124.1175
124.5175
125.1175
126.2175
126.6175
127.1175
127.6175
128.4175
128.9175
129.9175
130.3175
130.8175
131.4175
132.1175
132.7175
133.6175
134.1175
134.4175
135.4175
135.8175
136.3175
136.9175
137.4175
138.2175
138.7175
139.1175
140.0175
140.6175
141.0175
141.5175
142.2175
142.9175
143.5175
144.1175
144.5175
145.7175
146.2175
146.9175
147.3175
147.9175
148.6175
149.1175
150.4175
150.7175
151.1175
151.5175
152.4175
152.7175
153.3175
153.7175
154.3175
155.4175
155.7175
